1 4 4
1000120 2000030 3008783 4000340 
5002380 6000031 7000031 8000852 
9000600 10000031 11000023 12230472 
13000088 14004943 15196629 0 
2 4 4
0 0 19131096 20000292 
21035398 0 0 0 
25000027 26000022 0 0 
29000081 30004235 31000340 0 
3 4 4
33000026 34000022 35000594 0 
37002373 38000027 39000029 40000084 
41000120 42000029 43000030 44001868 
0 46004234 47000021 0 
4 4 4
0 0 51008523 52000852 
0 54000114 55000019 0 
57000600 58000031 59000029 60001100 
0 62004227 0 0 
5 4 4
65000026 66000022 67008777 68000022 
69002885 70000019 71000114 72000019 
73000344 74000029 75000031 76001101 
0 78004234 79000021 0 
